# Made in Blockbench 4.12.4
mtllib tank_obstacle.mtl

g obstack1
v 1.3083486029069558 0.09482326777018091 0.05805848440672673
v -0.3299554856710271 1.2419761404722733 0.05805848440672606
v 1.2069536559887961 -0.04998372356471137 0.23483517970336354
v -0.43135043258918687 1.097169149137381 0.23483517970336287
v -0.22856053875286747 1.3867831318071655 0.23483517970336287
v 1.4097435498251154 0.23963025910507318 0.23483517970336354
v -0.3299554856710272 1.2419761404722731 0.4116118749999997
v 1.3083486029069558 0.09482326777018091 0.41161187500000035
vt 0 0.9375
vt 0.0625 0.9375
vt 0.0625 0.875
vt 0 0.875
vt 0 1
vt 0.5 1
vt 0.5 0.9375
vt 0 0.9375
vt 0 0.9375
vt 0.0625 0.9375
vt 0.0625 0.875
vt 0 0.875
vt 0 1
vt 0.5 1
vt 0.5 0.9375
vt 0 0.9375
vt 0.5 1
vt 0.5 0.9375
vt 0 0.9375
vt 0 1
vt 0 1
vt 0 0.9375
vt 0.5 0.9375
vt 0.5 1
vn -0.8191520442889918 0.5735764363510462 -1.110223024625157e-16
vn -0.4055797876726387 -0.5792279653395692 -0.7071067811865476
vn 0.8191520442889918 -0.5735764363510462 1.110223024625157e-16
vn 0.4055797876726387 0.5792279653395692 0.7071067811865476
vn 0.40557978767263914 0.5792279653395691 -0.7071067811865476
vn -0.40557978767263914 -0.5792279653395691 0.7071067811865476
usemtl m_45d6f497-3913-9791-7758-727fb534384a
f 4/4/1 7/3/1 5/2/1 2/1/1
f 3/8/2 4/7/2 2/6/2 1/5/2
f 8/12/3 3/11/3 1/10/3 6/9/3
f 7/16/4 8/15/4 6/14/4 5/13/4
f 6/20/5 1/19/5 2/18/5 5/17/5
f 7/24/6 4/23/6 3/22/6 8/21/6
g obstack2
v 0.8947763462906031 1.247627669460796 1.1187186561865474
v 0.08361677094532544 0.08917173878165785 -0.29549490618654767
v 0.7933813993724435 1.1028206781259038 1.2954953514831844
v -0.01777817597283421 -0.05563525255323454 -0.11871821088991069
v -0.12117124012692254 0.23256584786941936 -0.29549490618654767
v 0.6899883352183551 1.3910217785485575 1.1187186561865474
v -0.2225661870450822 0.08775885653452697 -0.11871821088991069
v 0.5885933883001955 1.246214787213665 1.2954953514831844
vt 0 0.9375
vt 0.0625 0.9375
vt 0.0625 0.875
vt 0 0.875
vt 0 1
vt 0.5 1
vt 0.5 0.9375
vt 0 0.9375
vt 0 0.9375
vt 0.0625 0.9375
vt 0.0625 0.875
vt 0 0.875
vt 0 1
vt 0.5 1
vt 0.5 0.9375
vt 0 0.9375
vt 0.5 1
vt 0.5 0.9375
vt 0 0.9375
vt 0 1
vt 0 1
vt 0 0.9375
vt 0.5 0.9375
vt 0.5 1
vn -0.4055797876726389 -0.5792279653395692 -0.7071067811865476
vn 0.8191520442889919 -0.5735764363510462 -5.551115123125784e-17
vn 0.4055797876726389 0.5792279653395692 0.7071067811865476
vn -0.8191520442889919 0.5735764363510462 5.551115123125784e-17
vn 0.40557978767263886 0.5792279653395692 -0.7071067811865475
vn -0.40557978767263886 -0.5792279653395692 0.7071067811865475
usemtl m_45d6f497-3913-9791-7758-727fb534384a
f 12/28/7 15/27/7 13/26/7 10/25/7
f 11/32/8 12/31/8 10/30/8 9/29/8
f 16/36/9 11/35/9 9/34/9 14/33/9
f 15/40/10 16/39/10 14/38/10 13/37/10
f 14/44/11 9/43/11 10/42/11 13/41/11
f 15/48/12 12/47/12 11/46/12 16/45/12
g obstack3
v 0.28840478201757347 -0.05422237030610366 1.1187186561865476
v 1.099564357362851 1.1042335603730344 -0.29549490618654733
v 0.0836167709453256 0.08917173878165785 1.1187186561865476
v 0.8947763462906032 1.247627669460796 -0.29549490618654733
v 1.2009593042810107 1.2490405517079268 -0.11871821088991047
v 0.3897997289357331 0.09058462102878861 1.2954953514831844
v 0.996171293208763 1.3924346607956881 -0.11871821088991047
v 0.1850117178634853 0.23397873011655002 1.2954953514831844
vt 0 0.9375
vt 0.0625 0.9375
vt 0.0625 0.875
vt 0 0.875
vt 0 1
vt 0.5 1
vt 0.5 0.9375
vt 0 0.9375
vt 0 0.9375
vt 0.0625 0.9375
vt 0.0625 0.875
vt 0 0.875
vt 0 1
vt 0.5 1
vt 0.5 0.9375
vt 0 0.9375
vt 0.5 1
vt 0.5 0.9375
vt 0 0.9375
vt 0 1
vt 0 1
vt 0 0.9375
vt 0.5 0.9375
vt 0.5 1
vn 0.4055797876726389 0.5792279653395693 -0.7071067811865475
vn -0.4055797876726388 -0.5792279653395692 -0.7071067811865476
vn -0.4055797876726389 -0.5792279653395693 0.7071067811865475
vn 0.4055797876726388 0.5792279653395692 0.7071067811865476
vn 0.8191520442889918 -0.573576436351046 8.326672684688677e-17
vn -0.8191520442889918 0.573576436351046 -8.326672684688677e-17
usemtl m_45d6f497-3913-9791-7758-727fb534384a
f 20/52/13 23/51/13 21/50/13 18/49/13
f 19/56/14 20/55/14 18/54/14 17/53/14
f 24/60/15 19/59/15 17/58/15 22/57/15
f 23/64/16 24/63/16 22/62/16 21/61/16
f 22/68/17 17/67/17 18/66/17 21/65/17
f 23/72/18 20/71/18 19/70/18 24/69/18